0 0 100
100 0 100
100 1 100
0 1 100
0 2 100
100 2 100
100 3 100
0 3 100
0 4 100
100 4 100
100 5 100
0 5 100
0 6 100
100 6 100
100 7 100
0 7 100
0 8 100
100 8 100
100 9 100
0 9 100
0 10 100
100 10 100
100 11 100
0 11 100
0 12 100
100 12 100
100 13 100
0 13 100
0 14 100
100 14 100
100 15 100
0 15 100
0 16 100
100 16 100
100 17 100
0 17 100
0 18 100
100 18 100
100 19 100
0 19 100
0 20 100
100 20 100
100 21 100
0 21 100
0 22 100
100 22 100
100 23 100
0 23 100
0 24 100
100 24 100
100 25 100
0 25 100
0 26 100
100 26 100
100 27 100
0 27 100
0 28 100
100 28 100
100 29 100
0 29 100
0 30 100
100 30 100
100 31 100
0 31 100
0 32 100
100 32 100
100 33 100
0 33 100
0 34 100
100 34 100
100 35 100
0 35 100
0 36 100
100 36 100
100 37 100
0 37 100
0 38 100
100 38 100
100 39 100
0 39 100
0 40 100
100 40 100
100 41 100
0 41 100
0 42 100
100 42 100
100 43 100
0 43 100
0 44 100
100 44 100
100 45 100
0 45 100
0 46 100
100 46 100
100 47 100
0 47 100
0 48 100
100 48 100
100 49 100
0 49 100
0 50 100
100 50 100
100 51 100
0 51 100
0 52 100
100 52 100
100 53 100
0 53 100
0 54 100
100 54 100
100 55 100
0 55 100
0 56 100
100 56 100
100 57 100
0 57 100
0 58 100
100 58 100
100 59 100
0 59 100
0 60 100
100 60 100
100 61 100
0 61 100
0 62 100
100 62 100
100 63 100
0 63 100
0 64 100
100 64 100
100 65 100
0 65 100
0 66 100
100 66 100
100 67 100
0 67 100
0 68 100
100 68 100
100 69 100
0 69 100
0 70 100
100 70 100
100 71 100
0 71 100
0 72 100
100 72 100
100 73 100
0 73 100
0 74 100
100 74 100
100 75 100
0 75 100
0 76 100
100 76 100
100 77 100
0 77 100
0 78 100
100 78 100
100 79 100
0 79 100
0 80 100
100 80 100
100 81 100
0 81 100
0 82 100
100 82 100
100 83 100
0 83 100
0 84 100
100 84 100
100 85 100
0 85 100
0 86 100
100 86 100
100 87 100
0 87 100
0 88 100
100 88 100
100 89 100
0 89 100
0 90 100
100 90 100
100 91 100
0 91 100
0 92 100
100 92 100
100 93 100
0 93 100
0 94 100
100 94 100
100 95 100
0 95 100
0 96 100
100 96 100
100 97 100
0 97 100
0 98 100
100 98 100
100 99 100
0 99 100
0 100 100
100 100 100
100 100 100